-45 457.4236023802154 24.564144492410655
-44.5 468.94168298007895 20.877363481712866
-44 473.2366509915986 29.719232800452332
-43.5 475.62203479578653 34.74913135843853
-43 471.47914042946365 32.996858999011714
-42.5 462.6274190698933 35.79397820102831
-42 455.6123305505256 25.478852043087695
-41.5 456.0489656058135 21.44314423254814
-41 459.00299736519406 21.829503798883444
-40.5 455.720749555872 23.78714798512897
-40 457.11478228061515 17.361400289164568
-39.5 462.6895278194146 16.313755353752175
-39 463.28365769653544 22.628360493887037
-38.5 466.60150131442606 25.05090357999121
-38 470.16378172731015 30.17305639267459
-37.5 465.2471086949985 26.2342457791388
-37 455.93035120295974 28.004559827365323
-36.5 441.3528818011155 26.95179424108893
-36 427.90465615518934 27.36755163479594
-35.5 420.83603558987085 23.692990672923994
-35 421.4652052039931 24.32166126759453
-34.5 416.09554785263595 23.944180076821933
-34 407.3208090193748 28.030852135645123
-33.5 393.08657107150634 29.877044332512533
-33 381.1939567347534 30.04020069374572
-32.5 376.443013319166 28.546109807846662
-32 372.8679451249188 20.039431586285282
-31.5 372.806830577776 24.535227410699314
-31 354.419347899841 27.729406470887692
-30.5 335.54810946440466 25.397360794876988
-30 321.02291333473465 21.49105227929976
-29.5 312.1357662143759 15.983487968159075
-29 310.61576558126166 21.13839977266063
-28.5 309.35316931968066 24.025051837281303
-28 291.82519657338423 22.025579944636153
-27.5 277.02582013957453 21.65263965115796
-27 273.2773057245422 22.430148100173238
-26.5 271.6191338673048 24.196841174412807
-26 259.88311913062665 25.98462402016548
-25.5 243.74659829751408 26.24128820305962
-25 228.77471059827954 29.302206936644467
-24.5 214.780968800156 23.29495061961159
-24 201.3347176320055 21.576727481759185
-23.5 183.21540923299142 21.392786228513668
-23 172.75684902513126 17.27060753393714
-22.5 156.5076940061326 18.785486468181567
-22 144.37749177677387 23.560558827407682
-21.5 132.2087756896199 20.150690232204504
-21 119.57245499235145 20.632061246991313
-20.5 112.7002526002652 16.216945141792216
-20 110.99551524983632 20.257614014804474
-19.5 106.13140858904467 20.958154407362567
-19 93.2558834092838 17.696866640348862
-18.5 94.68002563321558 13.11648859194406
-18 101.8009780334143 15.697492936895944
-17.5 102.09153634317809 16.314014452017123
-17 104.16423234922367 18.827202941969652
-16.5 93.82297901911484 16.802774651859654
-16 93.30450497045334 13.977848675361379
-15.5 91.5589963196683 16.330136046036877
-15 92.04014054836105 16.407264480963235
-14.5 105.62821456784597 14.108647625730777
-14 99.14234529055324 15.738228555960559
-13.5 90.89674170094867 13.129025913061367
-13 91.09544956152968 14.616920845547044
-12.5 84.41670316920228 15.509797637211857
-12 85.66825600621503 13.462660568426195
-11.5 90.55240611485905 15.378720872421432
-11 87.60043953288017 12.272285627854771
-10.5 94.32306965700097 12.601475817985708
-10 93.37922800376145 15.107012082329899
-9.5 92.72022133819796 13.407034877862257
-9 94.98439663561189 12.486693363942356
-8.5 93.07616678034668 14.044465445241556
-8 107.50829191192048 13.563064117405677
-7.5 126.41533084700637 15.113694917582741
-7 130.12986236898988 15.028798931337423
-6.5 109.58556235170518 13.073878490469008
-6 95.83129790464191 14.005898720150965
-5.5 106.99320134849233 14.189756497313116
-5 141.5266196612041 18.48928290958062
-4.5 162.31159662504828 17.59724796086385
-4 183.16701286062047 15.403686200499138
-3.5 202.88320123421997 19.272339364888484
-3 232.702579034389 21.830556094420547
-2.5 260.137790558942 20.28072833519709
-2 283.01833650161046 22.442742253153693
-1.5 297.55755875909034 21.655515807427307
-1 310.3368186778188 20.24807916503918
-0.5 322.0162678086239 20.847294368524672
0 324.7868952871455 22.052546131012722
0.5 327.29239809104973 20.882568232733508
1 326.55085660144147 22.348737323269308
1.5 318.9138643933488 21.86539214354004
2 307.8422376650995 20.431803727422924
2.5 291.62615541063616 20.102864424036778
3 272.7006572109714 15.08395445565125
3.5 244.26387186418705 17.684365342310905
4 220.7136044196496 20.693701255123873
4.5 196.94882261393144 22.682266491968964
5 171.37915017165443 20.130638673212747
5.5 146.4926226651919 16.408818979519467
6 131.1159273765524 18.78137014635571
6.5 116.39735885182259 15.788245654184154
7 119.65751361551882 18.168450092122182
7.5 122.8146188071642 19.215124949689965
8 128.0187885291242 17.524788105704893
8.5 117.67252774618146 17.37312893540326
9 118.22821119253774 17.67141915229974
9.5 117.26096183290403 15.913539165871633
10 114.17572767399102 17.688327191400017
10.5 112.46677604566173 14.867152860216096
11 110.07909221221566 16.55842676489446
11.5 100.41241700987547 15.012913924576328
12 92.87633475471296 18.034417660806433
12.5 83.67586061153419 18.31943738622662
13 90.16795534843027 20.09894851613678
13.5 109.52167381440647 22.532587546269234
14 114.20290041138297 17.85008457357061
14.5 116.02458880529022 17.64701480607194
15 118.69547531952328 17.63292199426491
15.5 122.16012838640401 21.06165226612867
16 108.07015827736858 20.076656329784097
16.5 86.2443871423914 18.974247529595647
17 75.81146160392801 17.662057889785874
17.5 81.54286880581799 17.885780012711127
18 88.33341294022236 19.224916039334158
18.5 98.2736953675874 17.543871030050404
19 100.30656639388289 18.913908496622035
19.5 90.39715242562026 15.47067288184309
20 90.44765344176068 19.11110755316001
20.5 102.47334837919439 19.325423809235247
21 136.01953850923124 21.67502591755322
21.5 161.54029687118992 24.266570043334717
22 187.2593837615932 19.61575128923449
22.5 208.55986370439615 18.597830542893515
23 224.26313507864083 23.729377193309126
23.5 241.9705906200388 34.449086671191104
24 256.6767936299393 32.18661273067985
24.5 265.03425186782306 31.9202923942365
25 278.034142699068 32.23306111268594
25.5 277.86767822271673 28.046735499330914
26 292.2279419629659 28.105720197688502
26.5 298.2700084241588 26.307315165894376
27 297.78117165611803 26.315616430773563
27.5 303.8279454502936 21.892985348652505
28 316.2116758237104 22.34058283060657
28.5 327.6528721377365 25.521182360170442
29 336.3546681824048 25.277590298693234
29.5 344.8872443242386 21.28632848135159
30 359.8679273249373 26.659116412972768
30.5 366.33733507871284 31.210661540355463
31 366.8603094546566 31.938578937305955
31.5 375.47915022306887 26.93282109081181
32 375.10641318886724 22.122281745212995
32.5 364.92293873384057 26.83950246694255
33 347.40956999641037 28.66948429144485
33.5 341.3586059969415 24.207356482572024
34 340.72395438286577 23.34108739520023
34.5 349.52860120673654 20.907912381697024
35 376.2356458091877 26.739426404902986
35.5 390.81594495948065 23.97967394680548
36 405.1486846091207 19.712030609318788
36.5 408.97988405812464 19.883475614808464
37 409.0424001342489 23.54636758391897
37.5 413.4959244598152 25.62230725134901
38 420.81435375029554 28.244780317995172
38.5 421.59239351728314 30.311549865917975
39 427.89301178007827 28.827608985571963
39.5 440.7248674089286 26.67544436735139
40 452.70320207313836 22.12510116638028
40.5 466.6960738889285 19.12924002179515
41 479.3407379129664 21.06975714733328
41.5 477.0304301006889 25.000519589186762
42 472.1763646753275 27.0409858634648
42.5 469.3083052088022 25.569974039773683
43 460.99940853563544 22.064348893342622
43.5 458.89553447662763 18.54640506571375
44 451.9622985070864 22.969182552548187
44.5 457.37816428052463 28.380147054014053
45 468.3370153884056 34.498973201538114
